60 10
谢万城 1
梅旭宇 1
杨思涵 1
闵文韬 1
田思雨 0
严佳伦 1
张羽翔 1
郭仁杰 1
王瑞琪 0
傅乐雯 0
邹钰琪 0
陈昊然 1
吴可望 1
苟煊煊 0
袁子钧 0
孟云乐 0
赵宇昂 1
陈翔宇 1
全紫怡 0
顾心怡 0
许睿星 1
王先志 1
吴宇宵 1
杨浩冬 1
向进   0
陈君豪 1
孙文欣 0
严闵欣 0
龙袁娇 0
周思怡 0
章德元 1
童志成 1
李佳薇 0
赵可馨 0
赵志杰 1
胡辰雨 1
蔡萌   0
刘晔辰 1
孙仲玉 1
李家玮 0
王恒宇 1
乔春豪 1
刘雨   0
聂丽婷 0
孟之舟 1
谭汇   1
周唯艺 0
刘楷愈 1
张梦婷 0
杨景爽 0
雷磊   1
李云昊 1
苏涵   0
唐志承 1
温俊逸 0
李自翔 1
王璟泓 1
吴新洲 1
鲁凯威 1
假人   1





12
19
6
15
7
23
29
38
52
13




4
1
2
10
5
20
12
17
22
19
53
11
6
3
32
14
15
9
28
7
39
23
29
18
8
21
31
26
38
42
52
27
54
40
30
50
16
13
24
41
25
36
34
43
48
55
56
45
37
57
35
46
33
49
44
47
58
51
59
60
































15
15
18
20
17
15

10
13

12
11

10
9
8

16
6

-1


15
15
14
16
12

17

13
14
15
13
10
13

19
10
24
-1
13
10
10
20
9
15
14
11
10
10
10
10
9
12
16
10
-1
-1






10
15
10
15
10
25

10
10

10
10

5
10
14

25
16

-1


20
20
15
15
5

15

15
15
18
22
15
10

4
7
25
-1
20
15
10
7
11
5
25
5
5
5
15
20
0
20
20
5
-1
-1





13
15
19
18
9
14

6
8

7
16

20
11
10

12
17

6


10
8
13
14
19

8

12
20
15
17
20
5

11
17
17
1
16
12
15
9
14
10
14
12
20
7
7
19
19
1
6
4
5
2





8
0
18
17
14
15

16
13

12
11

7
6
20

10
9

-1


14
8
9
12
11

10

15
7
13
16
20
19

19
17
24
-1
10
10
10
20
5
5
24
4
10
10
15
10
20
14
15
17
-1
-1





12
25
12
12
6
13

7
7

47
20

7
7
14

3
3

7


10
8
25
10
14

14

14
14
14
14
14
14

14
9
10
-1
10
10
5
5
10
14
15
15
15
15
15
15
10
15
15
15
1
1





17
11
14
12
9
13

6
16

23
8

7
10
12

19
18

7


8
8
12
9
23

22

25
8
24
9
9
11

9
11
25
1
24
7
8
7
8
10
8
7
8
7
7
25
2
24
10
7
0
0





5
10
20
20
10
25

6
15

1
10

5
5
25

15
23

-1


10
5
15
10
5

20

25
10
20
25
15
16

10
10
20
-1
20
20
20
15
20
5
10
5
6
7
18
12
5
7
8
15
-1
-1






18
15
17
13
19
12

11
6

10
9

8
7
14

20
16

6


8
10
9
12
14

11

17
15
16
13
20
7

18
19
20
1
19
10
15
16
13
12
9
6
5
7
14
18
8
4
17
11
2
3




17
17
20
20
14
14

3
10

15
10

8
10
8

13
13

20


18
5
10
-1
13

14

15
15
10
8
13
17

18
20
13
-1
13
18
13
12
14
10
15
-1
19
5
8
12
13
20
20
11
-1
7





14
14
18
21
21
16

6
10

13
9

6
9
15

14
9

7


19
17
14
7
18

14

18
8
14
14
15
12

9
9
18
1
10
17
10
10
12
10
12
10
4
10
18
10
10
10
16
18
2
2

1
0
0
10000000007